f,dd,dq,qd,qq
1.0,-0.011444613869287707-0.004589484794794558j,-0.1933618327311128-0.17152069317515198j,0.19336183273137278+0.1715206931777954j,-0.011444613870335168-0.0045894847952572485j
1.25,-0.01473154633081732-0.0025112049153604116j,-0.2320817241838732-0.1716119329063982j,0.2320817241816488+0.17161193290401616j,-0.014731546331377474-0.0025112049137282176j
1.5,-0.01738567677693834+0.00024225595468863463j,-0.26271250274441094-0.16540646400945144j,0.2627125027440642+0.16540646401344453j,-0.017385676776907034+0.00024225595532459052j
1.75,-0.019530031453399908+0.0033006786045504076j,-0.2863956687985343-0.1564114981743424j,0.2863956687969189+0.15641149817475652j,-0.01953003145412323+0.0033006786051498066j
2.0,-0.021225032058125422+0.006541073508694228j,-0.30472019504618375-0.14653340370831103j,0.3047201950446901+0.14653340370925946j,-0.0212250320590038+0.006541073508156187j
2.25,-0.022484217960105208+0.009805199207717802j,-0.31895651427640737-0.1366758580206301j,0.31895651427288213+0.13667585801603208j,-0.022484217961126887+0.009805199206111528j
2.5,-0.02351965096646997+0.013018906331180665j,-0.3301078893208267-0.12736377167688295j,0.3301078893211059+0.1273637716770579j,-0.023519650967033394+0.013018906330623008j
2.75,-0.024254946669132554+0.016240897988044886j,-0.33899256734252015-0.11868884578056577j,0.33899256734226185+0.11868884578073585j,-0.02425494666869649+0.016240897988955796j
3.0,-0.024851977465027774+0.01938982974997317j,-0.34613441439460424-0.11076768064192555j,0.34613441439552234+0.11076768064185649j,-0.024851977463802837+0.019389829750059144j
3.25,-0.025372423384248135+0.022468703073941623j,-0.35195334082335705-0.10357189286818888j,0.3519533408236869+0.10357189286774911j,-0.025372423383817573+0.022468703074189092j
3.5,-0.02575718516539994+0.025562946378656977j,-0.35678001067993-0.09699164711050484j,0.3567800106808303+0.09699164711013533j,-0.025757185165104578+0.025562946378678994j
3.75,-0.02603394587843967+0.0285603839497328j,-0.36079107318367093-0.09099909842941795j,0.36079107318585335+0.09099909842967052j,-0.026033945878750357+0.02856038394969256j
4.0,-0.026265380298164016+0.03149174712824755j,-0.36416167595768023-0.08554280176588092j,0.3641616759584181+0.08554280176543072j,-0.026265380298924154+0.03149174712855694j
4.25,-0.02637965050250261+0.034418063376981764j,-0.36703445164820236-0.08052508991676521j,0.3670344516476835+0.08052508991572904j,-0.026379650503160747+0.03441806337724965j
4.5,-0.026527882466230734+0.03734762805663546j,-0.3695415933919291-0.07593740634987423j,0.3695415933904293+0.0759374063500075j,-0.026527882466694144+0.03734762805641193j
4.75,-0.026590407327829343+0.04016439651605272j,-0.37168504222325616-0.07171958843404536j,0.3716850422232759+0.07171958843400528j,-0.026590407327880455+0.04016439651595875j
5.0,-0.026621059213707884+0.04297813577992695j,-0.37356896675879847-0.06781238157246189j,0.37356896675930057+0.06781238157281519j,-0.026621059213671805+0.04297813578044031j
5.25,-0.026596534643399578+0.04582118667118582j,-0.3752409986524462-0.06417575995401514j,0.37524099865222843+0.06417575995431567j,-0.026596534643474258+0.04582118667122116j
5.5,-0.02656647169750421+0.04861947366239828j,-0.37673568079494735-0.06080901337663436j,0.376735680795612+0.06080901337734775j,-0.026566471697331277+0.04861947366203716j
5.75,-0.02654689279881364+0.05139335545362952j,-0.37809115986056285-0.05767133676331876j,0.37809115986157293+0.05767133676303555j,-0.02654689279806413+0.05139335545346774j
6.0,-0.02652182293467462+0.054107592994583675j,-0.37929166460202185-0.05476218354783147j,0.3792916646018645+0.05476218354789692j,-0.026521822934756252+0.05410759299431657j
6.25,-0.026403803341548317+0.0568694658743203j,-0.38039712343655185-0.051991861724462685j,0.38039712343697674+0.05199186172496765j,-0.02640380334169204+0.056869465874478234j
6.5,-0.026330785443275127+0.059585365165400535j,-0.3814137205000476-0.04941642103625121j,0.38141372049961025+0.04941642103635032j,-0.02633078544281161+0.0595853651653096j
6.75,-0.02618944429357831+0.0622928552655792j,-0.38234664840614535-0.04696718530443228j,0.38234664840747956+0.046967185304996016j,-0.026189444293291765+0.062292855265515666j
7.0,-0.02604072841835447+0.06492948834982146j,-0.3831968392155316-0.044674609262244314j,0.38319683921549413+0.04467460926212898j,-0.026040728418612658+0.06492948835003286j
7.25,-0.025881963032453766+0.06763992727418354j,-0.38400998107772333-0.042482062090259065j,0.38400998107707673+0.042482062090604386j,-0.025881963032092704+0.06763992727440199j
7.5,-0.02572748114027437+0.07036137761961613j,-0.3847920075407235-0.04039601580071084j,0.3847920075418895+0.04039601580134945j,-0.025727481139942526+0.07036137761961117j
7.75,-0.025545897563836784+0.07299232104884402j,-0.3855014876713481-0.03842684613204267j,0.3855014876712246+0.038426846132363586j,-0.025545897563609532+0.07299232104846454j
8.25,-0.025165590178413112+0.07831137817490479j,-0.3868518450473107-0.03474127586528031j,0.38685184504712405+0.03474127586522942j,-0.02516559017829676+0.07831137817523036j
8.5,-0.024958101619153586+0.08092592718677281j,-0.38748256113576574-0.03302503246283517j,0.3874825611359868+0.03302503246244209j,-0.024958101619237255+0.0809259271866168j
8.75,-0.02478975311068541+0.08360434049637262j,-0.3881165812577123-0.03137106147960805j,0.38811658125773+0.03137106147934898j,-0.024789753110321874+0.08360434049632144j
9.25,-0.024277329300792874+0.08889005851793377j,-0.389268212612781-0.028235055930260045j,0.38926821261316413+0.02823505593004925j,-0.024277329300577855+0.08889005851819903j
9.5,-0.02405432688264953+0.09154881536825528j,-0.38984542588668336-0.02675861882154129j,0.3898454258869821+0.026758618821657188j,-0.0240543268827087+0.09154881536834647j
10.0,-0.023540600710016353+0.09671705581023086j,-0.3909238194476693-0.02397398120073657j,0.3909238194474465+0.023973981200406894j,-0.023540600710284132+0.09671705580992446j
10.25,-0.023257602006501957+0.09940766272138382j,-0.39146935444694814-0.02261477043676058j,0.3914693544469326+0.02261477043659528j,-0.02325760200632472+0.09940766272143194j
10.75,-0.022663616094573173+0.10459238768937085j,-0.3925039539876037-0.020076218300088267j,0.3925039539876504+0.020076218300360067j,-0.02266361609459812+0.10459238768947021j
11.0,-0.022367283399126088+0.10718946472140313j,-0.3930188956121001-0.018851680272735705j,0.3930188956121364+0.018851680272689714j,-0.02236728339907136+0.10718946472122301j
11.5,-0.021731154543042464+0.11252307739985097j,-0.3940648845550574-0.016467333810575024j,0.3940648845548211+0.016467333810271777j,-0.021731154542942346+0.11252307739980055j
12.0,-0.02101645476775543+0.11774586171165359j,-0.3950760972408066-0.014211147063065643j,0.39507609724063036+0.014211147062510315j,-0.02101645476799352+0.1177458617117275j
12.5,-0.020356529021684548+0.122985744254688j,-0.3961134871613976-0.012062327619425162j,0.3961134871614272+0.012062327619633715j,-0.020356529021900605+0.12298574425483189j
13.0,-0.01963749253705461+0.128098082852609j,-0.39712766803628397-0.010022036329925488j,0.39712766803646943+0.01002203632994775j,-0.019637492537079387+0.1280980828527734j
13.5,-0.01889228371835989+0.13337199899156596j,-0.39818302322574933-0.008016996709012791j,0.3981830232257529+0.00801699670899731j,-0.018892283718271535+0.13337199899177443j
14.0,-0.017912078074968567+0.13860960398568906j,-0.3991976528472308-0.006046142618516381j,0.39919765284750436+0.0060461426182735305j,-0.017912078075313614+0.13860960398522168j
14.5,-0.01710955745800581+0.14374879729385842j,-0.400258709325158-0.004191845398124949j,0.4002587093253576+0.004191845398453145j,-0.017109557457959945+0.14374879729378215j
15.0,-0.016154302450478403+0.149008482723558j,-0.4013326435860823-0.0023346065665639792j,0.4013326435862052+0.0023346065665672297j,-0.016154302450533425+0.14900848272362321j
15.75,-0.014817705268798229+0.15685476995439976j,-0.4030077917010644+0.0003290522239651761j,0.403007791701343-0.0003290522238165604j,-0.014817705268824977+0.15685476995425693j
16.25,-0.013870024849971678+0.16198023108384652j,-0.4041283488342725+0.00204688279647236j,0.4041283488341664-0.002046882796403383j,-0.01387002484974692+0.16198023108388468j
17.0,-0.011959082520980088+0.1697754952626351j,-0.4057796398981172+0.004694571837491945j,0.4057796398982132-0.004694571837362526j,-0.011959082520810294+0.16977549526273736j
17.5,-0.011167693306387727+0.1752065794878464j,-0.4070689349348156+0.006363562990885696j,0.4070689349348671-0.0063635629910494046j,-0.011167693306405102+0.17520657948783827j
18.25,-0.009565633464785948+0.18329388753947198j,-0.4089765391066262+0.008892644183848164j,0.4089765391065446-0.008892644184056962j,-0.00956563346464015+0.1832938875395227j
19.0,-0.007806696441627556+0.19120070180577112j,-0.41086861944363706+0.011375191795182815j,0.4108686194434344-0.011375191795131067j,-0.007806696441626321+0.19120070180579216j
19.75,-0.005962163540197134+0.1992440352296025j,-0.41286110824476085+0.013848631441012282j,0.4128611082446154-0.013848631440895426j,-0.005962163540226273+0.19924403522970444j
20.5,-0.004074773870772872+0.20723410687581365j,-0.4149018230308068+0.016320116342063595j,0.41490182303079165-0.01632011634215026j,-0.004074773870784837+0.2072341068758601j
21.25,-0.001977427870311794+0.2152804441256857j,-0.41700033884010484+0.018804186750821017j,0.4170003388400522-0.018804186750667518j,-0.0019774278703320325+0.21528044412565592j
22.0,0.0001481255789675026+0.22332259448419728j,-0.41918579135941697+0.02130626773050015j,0.4191857913593651-0.021306267730572145j,0.0001481255790229119+0.22332259448416011j
23.0,0.003118864834045206+0.2341345956374099j,-0.42218991743767925+0.024660296919068347j,0.4221899174380865-0.0246602969194117j,0.0031188648337852065+0.2341345956367931j
23.75,0.005448613462110406+0.24215209260325657j,-0.42454867552916503+0.027209246720922675j,0.4245486755290251-0.02720924672099906j,0.005448613462004287+0.2421520926033222j
24.75,0.00897439584116639+0.25314025424410797j,-0.4277286453078056+0.030651011201549783j,0.4277286453079892-0.030651011202426647j,0.008974395841033683+0.25314025424399633j
25.75,0.012458805508157964+0.26529691016074813j,-0.43091984385569904+0.03437077751805301j,0.43091984385567045-0.0343707775178426j,0.012458805508168191+0.26529691016095736j
26.75,0.016104190225878376+0.27504952772769203j,-0.43459274072260506+0.03783223053583312j,0.434592740722615-0.03783223053601832j,0.016104190225813997+0.27504952772764074j
27.75,0.019929303759537813+0.2861579479423495j,-0.4382176052084007+0.04158576876942338j,0.43821760520777137-0.04158576876917176j,0.019929303759814665+0.2861579479429863j
28.75,0.023974605666495626+0.29737799169262696j,-0.441967642078641+0.04545969648980336j,0.4419676420784304-0.04545969648993308j,0.023974605666427007+0.29737799169272305j
30.0,0.02939967061460938+0.3113722201142556j,-0.4468425219073139+0.05046759033331738j,0.44684252190740287-0.05046759033335807j,0.029399670614608187+0.3113722201141105j
31.0,0.03398495725300251+0.32268221432087163j,-0.4508919408012624+0.05464267010083074j,0.45089194080140027-0.054642670100957504j,0.033984957252967796+0.3226822143207382j
32.25,0.040101363279912636+0.3369169971308102j,-0.45612937442172374+0.060081276845194265j,0.4561293744218079-0.06008127684517626j,0.04010136327992386+0.33691699713073414j
33.5,0.046569119781079124+0.35125033371577086j,-0.4615716837610473+0.06579766167830126j,0.46157168376113344-0.06579766167835883j,0.04656911978096179+0.351250333715777j
35.0,0.054886890053958484+0.36862346441056315j,-0.46836711879446663+0.07306061814841053j,0.4683671187945271-0.07306061814851661j,0.05488689005395109+0.368623464410505j
36.25,0.06228891995766902+0.38322068954431815j,-0.4742461629651782+0.0794729331413227j,0.474246162965291-0.07947293314124021j,0.0622889199577093+0.38322068954417066j
37.75,0.07181121621859854+0.400858896981061j,-0.4815494668610434+0.08764667645011753j,0.48154946686099176-0.08764667645022356j,0.0718112162185418+0.4008588969810872j
39.25,0.08203919253915881+0.4186883520044736j,-0.4891181272260248+0.0963887187188574j,0.48911812722597003-0.09638871871890578j,0.08203919253909336+0.41868835200447063j
40.75,0.09301608634285484+0.436631950729869j,-0.4969354897245871+0.1057494310068487j,0.49693548972478957-0.10574943100675473j,0.09301608634287084+0.43663195072978994j
42.25,0.10479423068382022+0.45470947935767003j,-0.5049852000517615+0.11578295000479749j,0.5049852000518009-0.11578295000492383j,0.10479423068383553+0.45470947935771255j
44.0,0.11961908507319156+0.4759289883341411j,-0.5146376552895943+0.12841404784085358j,0.5146376552896043-0.12841404784093888j,0.11961908507311231+0.4759289883342011j
45.5,0.13332905548338544+0.49421131429364334j,-0.5231083406634608+0.14010386904018668j,0.5231083406632896-0.1401038690401606j,0.13332905548327056+0.49421131429367626j
47.25,0.1505765681561918+0.515606008390109j,-0.5331734044671834+0.15483873116472835j,0.5331734044670732-0.1548387311646916j,0.15057656815617682+0.5156060083901101j
49.25,0.17205547810877236+0.5400654530027728j,-0.5448321971353379+0.17324824238556819j,0.5448321971353952-0.17324824238555472j,0.1720554781087647+0.5400654530026231j
51.0,0.192515020303922+0.561401896065306j,-0.5550859848269604+0.19085281474171356j,0.5550859848268892-0.19085281474183727j,0.19251502030393236+0.56140189606526j
53.0,0.21798297594984198+0.5855561983121745j,-0.5667193854570857+0.2128438715499945j,0.5667193854570636-0.21284387155003823j,0.21798297594971683+0.5855561983121274j
55.25,0.2494276686780675+0.6122434065909941j,-0.5794959272297459+0.24015165484207945j,0.5794959272297996-0.2401516548419362j,0.24942766867815258+0.6122434065909855j
57.25,0.28009970430251385+0.6353252058053528j,-0.5903326133704545+0.26691856032276895j,0.5903326133704593-0.2669185603227698j,0.28009970430254233+0.6353252058053138j
59.5,0.3176782816915641+0.6601275737396567j,-0.6015915292651624+0.29998162905183057j,0.6015915292650785-0.29998162905187686j,0.31767828169157497+0.6601275737395971j
61.75,0.35931150629225217+0.6834865233916083j,-0.611399350365733+0.33654718595642796j,0.6113993503658512-0.33654718595628624j,0.35931150629232866+0.6834865233914936j
64.25,0.4097344930390354+0.7067776002015534j,-0.619950621847488+0.3812474580665104j,0.6199506218475173-0.3812474580665042j,0.40973449303903425+0.7067776002015376j
66.75,0.46481166667268853+0.7265523971066985j,-0.6251318503612595+0.43047650181867547j,0.6251318503614043-0.43047650181885333j,0.46481166667248164+0.7265523971065428j
69.5,0.5313060484180021+0.7430705575129163j,-0.6257633327702895+0.4897733533857881j,0.6257633327702354-0.4897733533856444j,0.5313060484181541+0.743070557512897j
72.0,0.5963727466167925+0.7520325455122456j,-0.6204164797688005+0.5480406252436933j,0.6204164797688476-0.5480406252437504j,0.5963727466167438+0.7520325455122218j
75.0,0.6795808648665019+0.7532601590357679j,-0.6047448269687524+0.6226693283666092j,0.6047448269685073-0.6226693283662407j,0.6795808648667753+0.7532601590359005j
77.75,0.7593633491997376+0.7436592621991333j,-0.5798132677247603+0.6941200326304116j,0.5798132677248775-0.6941200326303363j,0.7593633491998885+0.7436592621990431j
80.75,0.8479346729200337+0.7196764966424296j,-0.5393245362609723+0.7731121567527374j,0.5393245362610048-0.7731121567527948j,0.8479346729201065+0.7196764966423085j
84.0,0.9419349062954925+0.6765121237270143j,-0.4785145137979226+0.8561032395983743j,0.47851451379805354-0.8561032395984135j,0.9419349062955958+0.6765121237268383j
87.25,1.029029366422902+0.6152989744148133j,-0.3998939095092058+0.9315369542468257j,0.399893909508333-0.931536954246226j,1.0290293664233146+0.6152989744160371j
90.75,1.10929527682827+0.5311640551121796j,-0.2973188082687307+0.9984610687447111j,0.29731880826885804-0.9984610687448238j,1.109295276828488+0.5311640551124592j
94.25,1.1701070290155022+0.43266082845104403j,-0.18067958278760687+1.0450939050425314j,0.1806795827876717-1.0450939050427859j,1.1701070290155982+0.4326608284513249j
97.75,1.2081544252333325+0.32635988277457595j,-0.05655553311631323+1.0680648422428678j,0.056555533115931575-1.068064842242642j,1.2081544252329601+0.32635988277418027j
101.75,1.223209160187978+0.20436105536592764j,0.08534440412614042+1.0647404258592235j,-0.08534440412603295-1.0647404258584736j,1.2232091601871344+0.20436105536593763j
105.5,1.2128754487308755+0.0961972159592898j,0.2109616282900233+1.0355047448170123j,-0.21096162829007534-1.035504744816742j,1.2128754487303228+0.09619721595914821j
109.75,1.1783785097741881-0.007341360394813755j,0.3352108465356646+0.9793041957158954j,-0.3352108465360685-0.9793041957158515j,1.178378509773951-0.007341360394666152j
114.0,1.1289224893891299-0.09181964743746282j,0.4389047939529057+0.9060474605229059j,-0.43890479395238735-0.9060474605224917j,1.1289224893886984-0.09181964743689508j
118.5,1.0689708190966694-0.15891011279134448j,0.5254745918906174+0.8190431684807005j,-0.5254745918904776-0.8190431684804468j,1.0689708190965719-0.15891011279145006j
123.0,1.0075117298801968-0.2056309733979366j,0.5904108388047257+0.728593210468489j,-0.5904108388039566-0.7285932104683026j,1.0075117298799185-0.20563097339726966j
127.75,0.9465292603686778-0.23702146580347658j,0.6396210631065985+0.6347833530642555j,-0.6396210631076591-0.6347833530640424j,0.946529260368702-0.23702146580448158j
132.75,0.8895155964932907-0.25504262463584987j,0.6744453776149569+0.5406780456269777j,-0.6744453776150297-0.5406780456269314j,0.8895155964930646-0.255042624635866j
138.0,0.8391118091046823-0.2623272182844068j,0.6968320734277395+0.44850111349010646j,-0.6968320734277139-0.44850111348984006j,0.8391118091045042-0.26232721828448313j
143.25,0.7983738477312575-0.26089573187849124j,0.7076810632675821+0.36393422892562777j,-0.7076810632673143-0.3639342289253952j,0.7983738477310736-0.2608957318782734j
149.0,0.7648606301093498-0.25648528226252537j,0.7119495498211222+0.2774296766100919j,-0.7119495498212688-0.27742967661032564j,0.7648606301094627-0.2564852822625876j
154.75,0.7410226606325153-0.24874066353038723j,0.7079182839340323+0.19843312627162357j,-0.7079182839340714-0.1984331262717553j,0.7410226606325719-0.24874066353056512j
160.75,0.7252366980666689-0.24077904555481353j,0.6975317853856977+0.12227808734609225j,-0.6975317853857459-0.12227808734626386j,0.7252366980668379-0.24077904555488372j
167.0,0.7167764697393817-0.23453615567709557j,0.6806871505833652+0.04876946610121757j,-0.6806871505836883-0.048769466101342876j,0.7167764697395533-0.23453615567737363j
173.5,0.7146641403710238-0.23181955034455043j,0.6572264926282864-0.021948362845566005j,-0.6572264926284139+0.02194836284562863j,0.7146641403708924-0.23181955034458596j
180.25,0.7176451314428207-0.23422342163719803j,0.6269144242447431-0.08934229024124973j,-0.626914424244757+0.08934229024115682j,0.7176451314428346-0.23422342163720966j
187.25,0.7237359856173099-0.24307437462481354j,0.5892118686812092-0.1525888606932463j,-0.5892118686809433+0.15258886069236283j,0.7237359856182366-0.24307437462452242j
194.5,0.730766567309462-0.2591217308615528j,0.5440393623649337-0.21030551671318987j,-0.5440393623650642+0.21030551671291411j,0.730766567309713-0.2591217308616691j
202.25,0.73622648644329-0.2834335975886917j,0.4896956238447202-0.2621272547005147j,-0.48969562384474397+0.2621272547006246j,0.7362264864431616-0.2834335975886475j
210.0,0.7375658145382396-0.3136022544220633j,0.43162433612903855-0.3033256067406783j,-0.43162433612910656+0.3033256067408592j,0.7375658145381412-0.3136022544221803j
218.25,0.7321296332211819-0.349700820903427j,0.36725712715215164-0.33435714141519607j,-0.36725712715214426+0.3343571414151337j,0.7321296332212229-0.3497008209034669j
226.75,0.7184502073345901-0.388243610306347j,0.30152359278825996-0.3531081963235241j,-0.30152359278838714+0.35310819632361845j,0.7184502073344473-0.38824361030645527j
235.5,0.6961154621609338-0.4262766912499026j,0.23738140529758656-0.3597194666963872j,-0.23738140529760055+0.35971946669641064j,0.6961154621609613-0.4262766912499715j
244.75,0.665062121172089-0.46187263809902906j,0.1761955399216505-0.3551732512021792j,-0.17619553992150255+0.3551732512020193j,0.6650621211721935-0.4618726380988355j
254.25,0.6271925369945045-0.4916665835992016j,0.12173789466819562-0.3409759335917476j,-0.1217378946681853+0.34097593359168044j,0.6271925369945331-0.4916665835991372j
264.25,0.5849451600407758-0.5149779267530493j,0.07495079262775678-0.32039794389097814j,-0.07495079262777404+0.32039794389090676j,0.5849451600408764-0.5149779267530195j
274.5,0.5405150970796311-0.5305823779091718j,0.036827511592585516-0.29533012513192425j,-0.036827511592586466+0.29533012513199225j,0.5405150970796543-0.5305823779091093j
285.25,0.495301178383557-0.539261426413707j,0.006356460045180479-0.26792235224334804j,-0.006356460045238958+0.267922352243365j,0.4953011783835257-0.5392614264138008j
296.25,0.45197841474061673-0.5415319639426741j,-0.01652701067968443-0.24053702532780746j,0.016527010679694115+0.24053702532779236j,0.45197841474072953-0.5415319639426073j
307.75,0.4106198784307741-0.5386108391621032j,-0.03351741570030395-0.21387259719996943j,0.03351741570031579+0.21387259719993446j,0.41061987843084014-0.5386108391621296j
319.75,0.372075028414471-0.5313103009523438j,-0.04542111875264787-0.18874259582625985j,0.04542111875261078+0.18874259582627806j,0.3720750284144729-0.5313103009524129j
332.25,0.33669720498607986-0.5207916646392736j,-0.0533695952375198-0.16568748935639924j,0.05336959523746945+0.16568748935642091j,0.3366972049860355-0.5207916646392448j
345.25,0.3046339616476031-0.5078934658809603j,-0.05820446796688902-0.14491720681195866j,0.05820446796685114+0.14491720681206463j,0.3046339616474887-0.5078934658809346j
358.5,0.276319934297617-0.4936266016245929j,-0.060654823177241024-0.1267599412698121j,0.060654823177249025+0.1267599412698158j,0.2763199342975983-0.49362660162459326j
372.5,0.25050458936095643-0.4780547767265186j,-0.061431801747309916-0.11044279019240677j,0.06143180174732776+0.11044279019241883j,0.2505045893610071-0.4780547767265064j
387.0,0.22755569588988306-0.46193771775909076j,-0.060967057960961406-0.09616594564131078j,0.060967057960928335+0.09616594564130412j,0.22755569588986613-0.46193771775907266j
402.0,0.20716887241283458-0.445613550181175j,-0.05962619386784803-0.08373361878944596j,0.059626193867900565+0.08373361878944915j,0.2071688724128125-0.445613550181123j
417.75,0.18883924156086396-0.4290832808816479j,-0.05765962549518697-0.07276770811628491j,0.057659625495188015+0.07276770811624574j,0.1888392415609022-0.4290832808816575j
434.0,0.17260393261951162-0.4128515274159185j,-0.05533959714843405-0.06327911087953894j,0.05533959714842967+0.0632791108795066j,0.17260393261948204-0.4128515274158914j
451.0,0.15804040507558378-0.3967615955743887j,-0.052761572657489514-0.05495288688979946j,0.05276157265750305+0.054952886889736034j,0.15804040507563444-0.39676159557440227j
468.5,0.14521784558784204-0.38125438543545964j,-0.05010586714864299-0.04778164027788465j,0.05010586714867197+0.04778164027789798j,0.14521784558784473-0.3812543854354101j
486.75,0.13370538321054448-0.36609041781965473j,-0.04739511196901343-0.041491345927820986j,0.047395111969016836+0.04149134592781168j,0.13370538321053443-0.36609041781963847j
505.75,0.12342350922504135-0.35139037369868j,-0.044708783837554514-0.03599858524752286j,0.04470878383753856+0.035998585247520885j,0.12342350922509104-0.35139037369872994j
525.25,0.11433887526162605-0.3373388430751385j,-0.042122934708803024-0.031242736340698282j,0.04212293470881939+0.03124273634069288j,0.1143388752616854-0.3373388430751242j
545.75,0.10613476619601506-0.3236094249495583j,-0.03959527886495349-0.02702074040137522j,0.0395952788649259+0.02702074040130902j,0.10613476619607765-0.32360942494955813j
567.0,0.09882038696525006-0.31042161666635093j,-0.037192527924917916-0.023321051819758486j,0.037192527924940294+0.023321051819764165j,0.09882038696515427-0.3104216166663303j
589.25,0.09224338521161128-0.29763319451737696j,-0.03489488214256809-0.02003739604150291j,0.03489488214254654+0.02003739604151673j,0.09224338521161868-0.2976331945173944j
612.0,0.08649042754623235-0.28551848172396344j,-0.032760806384448365-0.017179455764546138j,0.03276080638443344+0.017179455764557063j,0.08649042754623154-0.28551848172396277j
636.0,0.08130124910005371-0.2736797783809979j,-0.03072983494040974-0.014593730629729067j,0.03072983494043309+0.014593730629705856j,0.08130124910010528-0.273679778380973j
660.75,0.07675240694381412-0.26236826792785173j,-0.028840813032442528-0.012297291628477189j,0.02884081303245015+0.01229729162847796j,0.07675240694378338-0.26236826792784j
686.5,0.0727610457281423-0.2514960267068283j,-0.027077157389662-0.010224001211824478j,0.02707715738965499+0.010224001211833473j,0.07276104572819031-0.25149602670680155j
713.0,0.06932539674197599-0.24111801032861055j,-0.025456718018184204-0.008349185662277235j,0.025456718018204077+0.008349185662266058j,0.06932539674195962-0.2411180103285727j
740.75,0.06636800921521874-0.23104031033522193j,-0.023932132328705637-0.006602088479366209j,0.02393213232866814+0.006602088479375519j,0.06636800921527267-0.23104031033519418j
769.75,0.06389767638079893-0.2213059965027622j,-0.022511761375248535-0.00495348301458275j,0.02251176137521026+0.00495348301457859j,0.06389767638079188-0.2213059965027419j
799.75,0.06194771525211604-0.21197619538718585j,-0.021194487741434932-0.0033742906721474404j,0.02119448774143605+0.003374290672142689j,0.06194771525209489-0.2119761953871743j
830.75,0.06052710593625164-0.20305477135926386j,-0.019964736290966043-0.0018210153474353223j,0.019964736290963923+0.0018210153474393957j,0.06052710593625549-0.20305477135922306j
863.25,0.059664127798615935-0.19442078723017406j,-0.018781948422894282-0.00022049131806513994j,0.018781948422939572+0.00022049131802441183j,0.05966412779856359-0.1944207872301924j
896.75,0.05944344326314731-0.18623852893839415j,-0.01763111940276761+0.0014691478903413255j,0.017631119402737625-0.0014691478903370136j,0.05944344326321163-0.18623852893841478j
931.75,0.05997023210750733-0.17846327357388522j,-0.016429985141447636+0.003349629824132099j,0.01642998514144203-0.0033496298241217186j,0.05997023210751934-0.17846327357386368j
968.0,0.06141850590358847-0.1713168338544272j,-0.01505297119675922+0.005475977385025579j,0.01505297119672974-0.005475977384965852j,0.06141850590362502-0.1713168338544148j
1005.75,0.06398656383267902-0.16487383857626756j,-0.013250144579948726+0.008151299946752545j,0.013250144579947389-0.008151299946766598j,0.06398656383272838-0.16487383857625715j
1044.75,0.06789923321942083-0.15992374949859126j,-0.010716018773023132+0.011243610622108479j,0.010716018772984955-0.011243610622191416j,0.06789923321935537-0.15992374949856203j
1085.5,0.07334900749339456-0.15720871411976034j,-0.006374480220761827+0.014772682912918205j,0.006374480220793622-0.014772682912861696j,0.07334900749343978-0.1572087141197582j
1127.75,0.0795553208028465-0.1586060256389358j,0.0009697703871847235+0.01778950690431187j,-0.0009697703871387761-0.01778950690432175j,0.07955532080285546-0.158606025638929j
1171.75,0.08379779981407522-0.1657628716377269j,0.012439706800010705+0.017068283177168252j,-0.012439706800034521-0.017068283177223538j,0.08379779981400635-0.1657628716376955j
1217.25,0.08095909371513604-0.176618501930789j,0.024448751614779475+0.007265718957826444j,-0.02444875161479385-0.007265718957791509j,0.08095909371513388-0.17661850193073347j
1264.75,0.07085047030363134-0.18444952705815404j,0.027384975985375513-0.011082652096162555j,-0.02738497598531971+0.011082652096068978j,0.07085047030364233-0.1844495270582412j
1314.0,0.05928937308417815-0.18801772525786956j,0.016244512741557363-0.027105582124531284j,-0.016244512741557814+0.027105582124530545j,0.05928937308420473-0.18801772525784197j
1365.0,0.045234055918044455-0.19068504248096244j,-0.002238382362264278-0.030354705852207103j,0.00223838236230682+0.030354705852206895j,0.04523405591808291-0.1906850424810017j
1418.25,0.026554168525699307-0.1870569700461114j,-0.014774518760563238-0.02067864009221j,0.014774518760555386+0.02067864009222038j,0.026554168525834504-0.18705697004611113j
1473.5,0.011460624023382052-0.1747441342276626j,-0.0163595448484479-0.009872948052209524j,0.016359544848490004+0.009872948052175652j,0.011460624023345495-0.17474413422761464j
1530.75,0.0034867707447435543-0.16029667631416777j,-0.013460950225967779-0.003848600763242423j,0.013460950225937478+0.003848600763210043j,0.0034867707447781005-0.1602966763141538j
1590.5,4.2160762966252625e-05-0.1474801714168778j,-0.010367491097199913-0.0012190116686664077j,0.0103674910972029+0.0012190116686538305j,4.216076297283711e-05-0.1474801714168699j
1652.25,-0.0012515148489788785-0.1369077240710437j,-0.008053532370606985-0.00018803062318322426j,0.008053532370589436+0.00018803062318311083j,-0.0012515148489718464-0.13690772407106344j
1716.75,-0.0016275309922316884-0.12804139729819392j,-0.006414638995859346+0.00018532611853699487j,0.006414638995836629-0.00018532611856580491j,-0.0016275309922415826-0.1280413972982057j
1783.5,-0.0016163591966111726-0.12051130365675171j,-0.005257798253797352+0.00028909457431279713j,0.005257798253800138-0.00028909457432072807j,-0.0016163591966150415-0.12051130365673905j
1853.0,-0.0014560191250518608-0.11392398621886093j,-0.004416323482803827+0.00029106462444690104j,0.004416323482795302-0.00029106462443577154j,-0.0014560191250623522-0.11392398621885394j
1925.0,-0.0012469417957981363-0.1080839652938213j,-0.0037857792266183608+0.0002550381629282455j,0.0037857792266063634-0.0002550381629357368j,-0.0012469417957983314-0.10808396529383356j
2000.0,-0.001036669179654694-0.10279252865836028j,-0.003296344667721194+0.000210537066334655j,0.00329634466772306-0.00021053706633672984j,-0.0010366691796316052-0.10279252865837059j
